[[  1.00000000e+00   1.00000000e+00   2.75000000e-01 ...,   1.81818182e-01
    1.00000000e+00   0.00000000e+00]
 [  2.00000000e+00   0.00000000e+00   4.75000000e-01 ...,   1.81818182e-01
    1.00000000e+00   0.00000000e+00]
 [  3.00000000e+00   0.00000000e+00   3.25000000e-01 ...,   9.09090909e-02
    0.00000000e+00   0.00000000e+00]
 ..., 
 [  8.89000000e+02   0.00000000e+00   2.25000000e-01 ...,   3.63636364e-01
    1.00000000e+00   0.00000000e+00]
 [  8.90000000e+02   1.00000000e+00   3.25000000e-01 ...,   9.09090909e-02
    0.00000000e+00   0.00000000e+00]
 [  8.91000000e+02   1.00000000e+00   4.00000000e-01 ...,   9.09090909e-02
    0.00000000e+00   0.00000000e+00]]
